5137
6743
11805
7791
3965
9319
5135
1852
2749
1948
9112
10921
11549
494
848
10264
3846
4853
4392
9221
7561
1576
1506
8263
7422
3162
6046
7007
2402
28
8859
7539
7123
9016
3682
11088
6687
8817
940
9437
11117
10053
8710
10666
10547
9558
8931
2745
2412
1323
11966
10325
3251
1824
6941
10673
4987
987
5680
7741
1368
2891
3632
8491
259
7314
7932
6946
4483
8872
4735
3601
7277
1446
2619
6176
11004
11902
9274
1768
1577
9592
94
4828
11417
7035
3853
4404
8374
9885
145
9742
776
3777
6586
1387
11443
2518
8334
3926
11742
1069
7527
7372
2867
10499
1548
1872
10401
11174
3992
11979
8767
4438
4807
8184
11825
9013
8200
6898
1085
6294
8027
5214
1232
9414
4657
4102
5748
8935
3845
7170
4463
11569
10389
3314
1117
613
1715
644
4606
2046
9411
9044
7206
5595
8870
4219
6535
5422
7972
68
7144
1538
1301
4911
6547
5403
10659
3482
9600
6181
8297
9169
4571
11611
10639
5184
1679
11283
10142
3725
9046
7187
10931
2641
4409
3502
9528
9831
2620
5852
10251
10116
7742
11552
3027
2289
5308
2039
6123
2908
8572
2773
430
1143
2384
11069
6680
4415
10704
4822
8493
7750
361
7424
10743
4770
11279
8623
2953
1899
2827
1205
367
10569
757
3747
1210
6417
6138
7685
9678
2710
10458
10108
3854
1195
9529
10886
5610
8585
3708
2103
4687
4070
9880
3430
9192
9159
405
146
11410
3232
1351
11777
1801
2460
3876
3363
8878
10014
11048
6908
725
9507
5368
4931
10702
2897
4169
4664
11834
7877
6768
4521
299
5000
7951
9492
2159
8356
9990
1569
11940
11341
1698
2093
2153
5927
5456
11031
3941
4504
6291
5018
2363
11659
10301
1417
2556
2822
6082
2742
11052
1202
7263
11351
6554
3566
9195
8713
274
7185
10634
214
6878
684
2307
9032
6611
8115
8415
10905
620
2707
4275
3335
2366
2929
4753
5275
5751
11187
8017
4803
741
3633
4507
7295
7199
2054
4008
7474
2994
8040
4470
3678
10700
1854
10642
6815
10622
9899
7787
1329
2174
11123
4047
5455
4228
9674
11207
3415
6044
4362
4508
9677
8869
11803
4876
10924
4163
702
8516
7157
9095
1338
7795
3193
10181
2610
1815
8080
10398
3496
10607
9873
7895
4062
2101
5570
3621
5868
11614
7984
10376
9291
10179
2519
4129
2694
3574
645
9851
669
1984
9390
8816
5529
7572
11778
7344
4004
10528
11192
2611
8401
7087
7026
10854
657
10647
4722
271
6631
3450
9914
11837
1981
434
3966
4675
4360
4964
2878
5381
6948
269
2197
829
8193
2327
8173
549
856
7717
3161
9257
2804
10539
8464
3814
9186
1186
4437
4170
4989
2352
4359
6970
3138
8677
11646
7850
1641
2524
1231
8941
3145
3780
9770
11690
6107
6295
240
6963
2012
3753
4573
5169
2292
1037
8983
11830
2575
1772
4000
7564
4124
8359
2535
7614
5389
2533
3464
7030
5057
5047
3972
8555
8827
1742
8245
2935
8038
8837
10250
10402
590
2823
3571
2882
4212
906
2713
7140
2679
7065
2704
7155
5591
3122
9166
8476
6938
4196
1886
11986
8520
10441
9165
10615
7038
100
6653
10703
5407
4818
1878
9331
8053
6091
10237
11118
1583
1268
4639
8424
10312
10231
11546
7830
6707
6836
379
8945
6822
8899
7386
4340
7514
2777
4440
7005
3495
8279
11823
5374
8228
11817
3847
7346
1400
5116
1882
6039
1892
546
4622
1790
8377
11682
8626
9108
8627
3801
6359
4014
8141
2226
7143
933
5097
2148
4429
1376
2323
10155
6986
10552
9972
11186
5898
11372
4654
8132
5763
6546
8679
10386
8688
5408
10068
5314
2868
6695
9467
9227
11061
5608
11453
6204
6894
4551
8704
11675
11028
9830
1266
9580
7802
452
3830
7526
5106
315
1289
4
8994
8692
2754
10095
2358
5622
4791
178
2849
4204
5786
2655
10409
1032
7558
7113
707
1837
6493
10537
3103
4425
6691
3907
8256
2217
9365
8571
3859
9369
5917
3534
6413
9023
1630
9124
2645
6773
9302
5846
10977
3440
8853
9738
4473
4411
5204
5180
6249
11697
9704
4123
10761
1612
731
1331
9654
5190
8699
3923
9076
946
11058
588
3943
5831
9890
9789
5161
1683
6643
2899
6156
11406
8455
11688
5655
8153
3758
3360
628
2520
5324
1711
3851
4301
11717
9393
1352
3640
6469
4817
4586
5528
5405
8881
11711
3648
6670
4872
5331
1665
8124
11487
1424
4579
11527
7079
1084
3286
10791
2064
6158
4115
4127
10361
8769
3844
7754
10121
7836
2938
422
8103
8344
9655
8167
344
4326
1039
5675
6343
9515
5514
7767
2447
5041
3199
3883
8327
2342
6300
2837
6458
10427
1198
3579
2624
8952
1700
10460
11528
11235
7983
1335
8890
4150
1568
5542
7706
8264
3409
1220
4031
5856
6261
7582
10092
2941
9925
5778
3171
6977
8314
5795
4281
4608
4161
3005
3843
497
4692
733
4647
6723
2654
10541
2429
10918
1951
3649
2949
8159
10263
10884
6603
1204
8809
11347
6982
1896
2311
10210
8666
6593
8576
1274
11106
11934
5117
11603
4626
6203
4603
11350
8857
3144
1779
7775
5447
5781
11076
1959
4044
9960
8562
5248
7121
7910
582
10429
2894
7579
7095
9839
8722
4442
1839
8901
9420
8394
1504
8770
5251
4648
10902
1026
10448
4683
455
407
9079
10415
8969
5889
5231
2909
3258
4012
6155
11190
11460
3994
4050
8182
1292
8492
10373
10193
5912
3035
19
4697
1398
6972
1853
3552
4051
874
6730
6861
6457
9991
10472
10470
4147
9930
6464
9785
10908
4837
8330
4820
11605
8207
11977
1077
10496
1375
4222
5820
3580
8127
10223
4552
9353
4953
11414
3810
2945
10238
2632
7444
8252
562
3937
10316
2075
9224
11864
10405
2396
11821
6785
10956
11798
7862
9452
1173
436
3273
5105
8563
1496
9658
6268
6802
9424
10431
10099
7662
1063
5543
3914
1626
9832
2230
9004
11907
11806
9220
10665
2202
9042
5450
1158
1664
10963
10366
2100
2588
3823
11016
4436
1481
5284
11238
4067
9689
6919
5131
10833
7109
1065
1415
4113
1324
1221
1686
341
3776
11080
6143
5286
8272
7807
4601
6638
10260
7189
10814
9276
11978
295
2912
11568
11553
6980
9258
6472
111
490
5306
1907
7073
11685
3584
8647
1723
3925
423
803
10069
6061
6228
11015
4066
4488
2880
2116
6534
3528
6103
3081
3713
9553
824
4203
3211
8396
6463
10285
8433
10047
6932
10157
2324
7707
11312
745
2120
8388
6974
1135
807
11814
7692
3687
1931
7215
7312
8681
10296
8025
394
8202
8849
4950
11413
5597
11765
9698
2382
10164
4982
539
488
689
11852
1586
8592
8560
4297
9399
11989
1439
10657
2568
8654
5969
11249
7303
1994
11996
3505
11195
5298
3270
4792
5063
969
7175
3227
6303
8066
7345
8270
5653
10507
5215
2213
2614
10940
3146
4053
9597
6066
1060
3919
5667
8715
5913
5663
220
5461
10961
3842
10605
4376
5163
6132
7603
11467
2199
11671
6812
10821
5676
5319
4036
7890
8475
7003
7182
11973
11408
468
9050
11707
9183
3316
5722
9755
8777
4684
1950
7382
9060
1515
5016
6580
5039
1744
2887
10715
7415
7276
6957
3891
2279
2139
4216
1687
7623
10256
2508
4673
9963
43
7989
4037
10151
4766
8721
101
149
6134
7214
2016
11502
2147
4541
9321
3608
11307
4949
10566
3550
7228
1057
7766
9268
8680
6374
11776
1706
4689
11819
9695
8727
9970
2462
5800
10423
2963
5638
11788
7785
4681
11676
9086
8290
11335
2036
7208
3237
9616
8617
6884
5650
5378
7012
7356
7184
5051
7147
5506
7865
947
3930
11180
1234
9568
4511
1022
5705
4276
5704
5733
2346
5069
4103
9554
8306
2071
6171
9308
173
1393
4320
7529
11813
11856
581
6960
5363
8798
7907
9293
7979
9141
7213
918
5119
4220
6651
7186
6566
72
11289
4120
8731
1712
10643
4393
11020
10817
3341
6698
5599
3197
7279
559
8912
4078
8819
6205
409
5960
1770
899
4476
3040
6370
8696
10044
1556
3262
1197
7734
2910
11593
2282
5899
5731
5975
597
11683
9173
8229
594
6437
307
9413
995
1068
3374
2765
1967
5806
8690
4899
4202
10246
8161
2318
11796
4248
9518
3058
11330
9463
5340
5229
3546
11316
5826
3229
8841
2055
3824
3278
2714
1589
4625
3782
5315
7391
6102
1518
1549
2930
8421
7530
4948
6860
3754
10289
89
7653
9957
10882
7150
8675
10780
3406
11149
10330
11481
698
1474
6250
6801
3217
9533
3222
4755
9866
10056
11924
1972
8697
365
9625
6654
6633
8508
2156
3661
11566
936
3403
4566
4694
7631
2530
5962
4893
7436
8966
46
10653
6499
3761
11562
1487
1817
11838
3459
10514
204
1437
5520
10297
7676
11202
9863
8964
2605
2782
2011
10589
5312
6206
11100
11987
4993
11498
10993
11492
3119
11407
4923
11245
8418
3789
11801
9855
9309
7343
8152
5337
6545
6367
2653
9503
9501
8092
3165
10871
643
11193
10323
982
4538
9821
327
4383
1293
3790
3387
2669
3541
876
9454
9380
3143
4100
5797
3284
1601
10813
11376
4767
9684
371
3960
8850
6533
2033
1233
7826
5467
5375
2077
1823
9115
4747
1969
656
5623
11775
11892
3356
2919
5673
7456
9068
8958
9057
7881
8686
5918
9410
6136
2277
11116
3339
9162
1501
4572
4988
6968
10300
7066
9144
165
11465
8423
6140
11240
8667
9496
2511
2692
4952
11579
2
2362
7813
8689
4186
1731
6451
10675
5919
2014
1523
7420
6863
2741
5238
2281
11885
1005
2446
9780
8939
10942
6799
6435
1806
11740
1737
9494
2102
9550
6640
11633
7257
7681
5869
3030
2972
5771
3366
6008
9920
6164
5710
8052
3455
5004
2852
9891
6810
696
9983
8548
10190
437
6450
5078
7429
6084
6416
1097
10430
1674
9130
4651
5056
102
5735
11179
8665
9453
5187
6937
3970
2989
7425
4605
5841
5668
11768
6537
3651
8668
5080
3118
10158
11870
4926
967
6600
10449
635
8
7569
4176
4726
2858
8146
3975
5847
3924
8933
41
8701
6930
1596
5369
10
6036
8487
10520
5906
6042
3447
7225
2378
10399
10408
10089
9595
500
2617
2322
3358
6649
9205
3934
9246
632
4529
2228
6004
4891
8265
2844
3412
2523
9238
7211
9749
11616
3424
2982
4370
8355
1423
8855
4041
4992
213
3157
11993
6197
3928
7369
7181
4563
11898
9762
10920
4789
6379
8553
8902
11354
3764
11322
10079
2657
2449
7134
4080
3989
8121
10463
11630
10457
1973
6179
2385
9342
1713
7300
11475
6572
2381
5854
11287
3108
3051
10112
1482
8891
10374
4284
4026
2806
9403
8015
11280
7867
570
10910
6676
2543
5442
237
4713
9829
6630
11286
836
8326
11849
3944
4721
3253
2408
438
11300
11164
9019
3326
6775
1602
11911
865
9670
6307
7083
3395
1462
148
8444
11786
9632
8113
2340
1928
834
5593
4337
1624
10681
3637
1140
7315
3462
6656
5417
6173
6920
6282
10078
589
11278
2403
11427
3050
11199
11213
5541
7678
7882
11111
8512
1827
3800
10488
508
7437
11980
8913
3104
3795
92
9761
9212
6266
5033
10109
3111
4787
9388
4585
7190
9167
7988
6741
8732
1529
9763
1275
11591
7188
11764
451
2977
96
9364
9809
4195
1455
4075
9228
5301
2184
339
10088
5277
5630
9443
1617
10587
1262
8035
11862
853
3223
1656
6552
75
11373
634
4318
9182
4829
5774
1257
2057
11075
3793
9164
8378
1513
9995
3518
8041
1493
8517
6628
2755
6843
7173
5617
2680
7600
5342
3666
11919
8496
5693
3781
5120
7926
2006
2636
10384
5783
1862
9653
9903
10577
6170
4884
1332
11727
5645
7554
6900
10586
2501
4956
2253
2772
7480
11101
11613
10006
1937
13
7536
10749
10709
9398
7481
8714
6410
3236
537
2663
264
1739
10218
7517
1353
9156
10370
6309
11761
1142
2141
11214
9959
1754
9573
248
9294
9938
5174
5182
8687
4235
2932
4520
10937
10930
7025
7201
91
8764
7608
3280
6330
3393
7824
7273
2608
6135
9027
181
6384
6673
10119
11910
207
7158
4498
3491
11679
5799
10689
2256
5986
6243
2347
366
10308
1573
3646
4638
6704
7040
815
1977
10000
6950
11357
1334
6382
8652
1597
6942
6447
10433
3489
598
1214
2803
11288
3470
8789
5883
5818
244
4478
9896
9116
8874
5288
9931
11203
3288
5234
10560
1821
5295
10473
2283
11022
6125
3915
8928
3203
4059
6069
10229
6314
8131
11824
5357
7223
10107
4561
10863
3473
10614
8768
11157
7131
9357
1441
8380
7918
4846
1380
11267
11610
5581
7043
2317
2065
8979
2493
4554
601
11983
3418
4294
3809
577
3612
10392
10287
7019
6521
6177
5720
5788
5330
11370
4928
7648
1435
2259
10141
9209
6814
11094
9545
10584
3741
1354
3038
7001
6650
5393
55
2937
7941
1730
281
8251
9373
6002
2392
7258
11332
1762
187
7332
3549
2798
5474
758
9964
4568
10655
8661
9
11587
3663
2293
6589
9408
3215
6645
346
11509
3542
11790
4979
916
6144
7371
8174
5477
9485
1161
1386
11512
6635
2496
9828
11556
1152
6377
8217
6316
232
3806
9641
7374
8254
9987
6883
10313
2797
1170
5684
10972
6999
3521
8160
4907
7549
3148
7403
3056
8907
107
11625
10421
11858
2227
8032
9499
9953
7838
5188
9621
9719
566
7934
517
1736
1970
11841
9087
5843
10750
3428
8747
6505
9158
3413
9265
11781
1834
11639
4413
9490
2719
5415
8259
3036
3399
8825
4268
10913
1644
4109
8000
7487
11988
1600
3416
10699
1095
574
10855
4860
10191
10636
7046
10627
11811
3711
8117
9127
1797
10790
515
5548
7967
9817
6881
1926
2881
9322
1914
4833
3911
5682
3533
5358
6608
2388
10570
5151
5968
8086
3
5780
8120
8662
9277
10269
7452
9792
3817
3772
9982
1634
3913
1534
9491
6368
10253
7465
641
6387
326
2017
356
8412
2020
10492
5839
8761
10603
3984
930
2375
2565
1028
2487
6478
2914
330
9282
2085
871
7535
9902
8046
8528
4289
8372
10897
4645
5136
917
10781
1699
1580
8522
535
226
2545
370
4290
5384
7200
7204
5715
8209
4487
9433
374
6054
5479
9255
10343
2203
7339
9070
2122
4054
5633
6058
4589
5859
3863
7499
8756
4233
11789
11433
8208
7994
185
5427
10766
10906
10166
9109
1461
6319
450
8801
2573
6543
924
6627
176
11217
10845
7068
7210
5285
1845
11210
6557
4637
3652
5323
3896
1819
2785
8138
3235
2510
11879
5808
9054
1155
9230
5
3618
7335
6763
2635
400
5191
2246
1191
8284
9155
11937
2479
10077
2108
5616
3434
10598
8851
6297
10829
2660
3351
11984
3448
8474
3453
10878
11315
2928
1514
11715
4909
6705
2313
6453
3342
11469
3279
2300
10711
5739
7916
2497
8794
3166
7779
3150
1431
3032
5983
3787
1911
6715
3425
5365
11976
10482
8031
6429
7500
10152
6126
11194
6068
8976
5770
7049
7319
7699
10529
10283
2034
2316
194
7684
9383
3971
1049
9359
2805
9080
4141
4630
4932
10437
3084
6035
9504
3011
9133
8917
4363
3401
7821
11452
6350
1486
9018
10442
9522
6753
2413
10572
4112
5571
8004
8605
10201
937
8162
8638
4373
6622
5208
8490
10922
2341
5759
6095
3250
8282
1147
7738
5300
11589
5260
53
2355
4184
4517
189
1123
6479
1478
9285
3469
5851
7729
5394
6934
8087
693
10640
2534
2625
1891
8434
10907
3390
4524
4207
2979
9784
4612
5686
2321
9481
10604
8091
3988
8241
11561
8075
10005
5921
1469
5291
1276
9557
5984
11917
8961
2160
8877
7868
5550
1401
427
11538
5391
2211
2872
4532
1477
624
9061
10070
7252
6146
10542
1525
3833
2802
5876
10169
3071
6320
7482
5583
3350
11133
5303
8366
5193
9520
7404
744
3819
477
4443
5332
5142
7142
4226
7020
3461
8411
10174
9338
1245
4010
2414
6828
7559
6116
6313
10245
3031
6407
1811
8861
6137
2640
11787
10932
530
431
4264
6025
7925
1045
11386
5253
11571
816
1438
2599
7996
8998
2661
10564
5692
4972
3429
8010
7135
642
9776
429
10658
860
5695
9137
2537
6080
8524
7790
5651
5952
7975
6819
10574
3167
4741
7641
5828
3305
2601
11873
8277
7883
3765
10383
1541
7454
199
5862
5235
5804
8399
4542
8633
869
138
4024
3306
8765
9486
10391
8700
4773
465
3978
7605
4144
4272
8144
10428
6758
7812
1109
11652
1131
521
1269
1766
317
4927
10883
8107
2766
11305
6498
125
8357
11623
9174
11422
10050
11532
7379
2195
2794
11651
201
11290
7311
7102
11188
8233
8930
7485
8154
3134
4261
5900
9589
6378
5946
10735
3121
10509
10501
5888
1048
6151
5891
1249
896
3511
9482
793
11713
7337
11842
8220
10823
10125
833
5076
11945
11454
2013
11032
11904
5486
9541
10757
8843
2995
9320
1407
8437
1642
10320
9333
5153
2548
6299
2262
2504
6141
1680
4618
6756
685
11612
6562
10644
6818
8536
8537
5576
8726
9638
5515
5460
5138
8361
10016
11437
10623
873
5930
9457
2553
10901
9661
11586
9089
4223
2988
7733
11041
11876
4271
4969
5607
2334
2580
7849
11656
11050
7703
9419
7141
10292
1071
4449
324
1925
11014
3785
6748
2826
3126
11371
8148
8734
6851
11420
6892
694
7621
350
7024
8367
654
3359
3087
4636
10086
2664
9100
5915
3848
10809
7884
2776
2855
1873
586
3557
8897
5747
277
1692
8830
9767
11584
1965
2249
7687
9948
11888
8757
5909
389
11343
6579
2472
9786
8865
1344
6114
9157
7806
3910
1092
11056
1029
5401
1021
1089
10969
8079
5140
498
7148
4484
7077
7308
5216
11006
6560
5121
7875
8885
1279
11785
1229
10365
1625
2258
3766
2647
5207
1968
6386
6888
794
29
7942
4513
6679
10083
11895
9090
6807
2563
6414
3692
6551
7242
6411
5959
8037
9726
11036
4983
3285
1004
11756
164
10203
11005
8458
3068
6542
3241
5579
2132
738
8898
4430
10741
25
11933
6336
1542
578
7700
1582
3382
5874
1690
3898
6732
11090
664
11234
1574
1402
6133
6185
4875
2273
10380
2558
898
11922
1587
5313
5951
1013
2434
7239
4125
11668
5173
1939
7869
11905
9190
6959
921
8776
7357
8509
6517
892
4321
6439
2831
9634
7291
8782
6467
5886
2554
8050
7727
10342
1775
7985
8906
4660
5971
11582
7570
8443
3707
14
11866
10224
907
4188
5015
3738
1822
306
470
7340
6708
938
3743
2437
5355
10321
2613
2981
6152
2196
10904
8185
10991
8199
10858
1188
9106
3046
4868
6510
2422
5338
5246
10114
399
6536
2209
1366
3906
4646
4460
9261
2967
4641
227
6301
11146
2775
5205
7331
8168
3530
9356
989
3670
3560
2538
8539
10422
4960
2229
3668
3426
2628
10556
5636
4346
2463
10282
8807
76
1448
303
7903
3078
1460
4845
9628
11808
5469
6985
1149
10545
6031
8999
8612
777
3939
5048
1098
2435
2738
2905
6169
4365
123
1993
283
4835
8978
1432
5471
8358
5194
3599
4916
9207
9139
10306
11574
2665
1320
5402
8834
5685
5525
6160
1035
5009
7592
884
73
6431
5396
1316
8189
10664
8097
6906
7872
5237
10319
6530
7735
7828
10054
1137
5014
4091
7015
11769
1175
2250
4778
9120
5965
6015
10887
6038
798
3477
2114
18
10451
6924
6675
9316
2681
9292
5497
1087
10782
10511
5178
11726
4947
7324
2328
4796
8293
4093
3684
2683
7161
2470
7179
2455
7949
10074
8402
11083
888
170
11399
5700
11378
11477
7055
1805
9077
11851
10450
3535
1134
3604
1771
4878
8044
9034
828
6119
5436
10335
1510
4871
5134
2398
10716
2149
10446
1627
9741
5501
3784
2235
8693
9240
3369
3106
8289
7325
556
255
1384
7745
6043
71
10915
4308
3921
2154
3402
2720
4133
1495
8221
10505
11519
1874
9551
11380
11635
11843
5679
11914
9376
4946
5472
9733
9254
9745
1008
2503
9039
11169
10965
11148
4879
10836
1374
2048
6996
10926
4447
9033
8823
6364
395
9143
6321
5341
2615
4407
2948
3956
826
9020
6460
9865
9664
5981
8812
11212
8371
10187
1261
3368
9465
6060
10097
2883
4461
3727
11828
4857
6502
10550
3486
10909
1498
4199
3556
5026
928
267
3243
10592
6248
778
7757
9150
6296
870
1133
10967
10611
4017
2339
8989
3562
7540
7048
9608
9038
11600
1516
2845
2445
3112
1389
9712
9352
9146
3525
3794
7724
7555
11732
6519
3749
9210
7946
772
6998
3705
8172
4958
7772
6475
750
9272
7405
8972
10661
5118
6324
8643
1178
11954
7241
7510
6973
11074
3120
7373
11285
363
2371
8535
7329
1804
8379
5410
10090
9058
5897
10236
1491
7490
2066
7891
3260
4390
3264
5635
6240
964
10678
7409
2549
11545
991
8800
11504
3049
10093
1798
4540
5935
3864
1709
5723
8664
9335
1054
1216
7203
8519
5502
2454
11992
1263
2517
2542
809
4963
9961
11127
1010
3265
925
5903
9200
5141
7612
2923
2157
5564
258
3564
6780
843
9724
2335
7667
5877
1522
8683
11200
1741
3594
4516
5626
9688
2918
953
6030
10153
11172
4785
1429
1681
10701
5245
5833
2969
9198
6233
6573
3209
5434
7156
10302
9063
7990
7398
333
9295
1781
9506
7448
1305
2643
2986
11269
8232
7177
2151
3345
1053
8752
11072
2985
8771
2312
195
4957
3767
1062
2488
7450
8863
4145
10094
5740
7132
11438
5361
3364
6616
7513
2917
8918
21
9385
10396
3383
3435
130
6047
3630
7908
1240
63
10832
2904
9601
4729
3693
2181
4519
9055
4920
8815
1838
8836
7538
547
11273
678
5320
8003
8586
4676
9244
8613
4740
8428
9351
7304
3045
1016
8405
11476
503
1677
8291
11008
3867
5480
6899
4454
6172
7057
11493
5183
3995
2779
609
5257
2623
8655
11119
2234
487
2076
1710
1343
10354
351
7250
426
10565
9606
3141
10322
5789
5920
9596
9012
8454
3565
8884
7901
8413
9756
3065
8670
11389
1208
11816
11773
9774
6100
8753
1267
4423
2895
3706
6298
1018
1302
3310
9473
5219
9330
5399
2164
1767
3547
273
569
10733
4574
1777
4742
1903
9386
4135
11674
4485
6931
692
6139
10242
10517
7924
2166
1507
6433
4286
6706
9470
5976
5791
8106
10234
7138
10009
10867
10358
8887
3212
1729
5830
10337
8349
11844
783
5603
7841
11580
1632
854
7686
218
11086
6703
411
9548
7906
7886
8750
11163
5713
8540
9500
5241
9697
3300
9391
4686
11023
5892
11270
11594
5669
9643
6081
6724
7192
11655
10578
8406
11596
5661
5725
3070
3471
7275
9298
4667
10356
4042
9978
3020
8460
10081
10096
420
9752
11968
10998
11564
286
2079
5226
10115
7853
11303
1185
11324
10483
6448
11949
820
5156
9048
8332
11353
9449
8682
5988
8651
4986
8567
5273
4143
2145
3740
1800
4925
11321
3760
6121
4580
11629
1024
1629
3115
9846
9062
2172
6511
9805
7858
4128
8271
6923
509
8268
8723
5454
9546
2062
2127
1691
4108
4806
1572
1954
3408
4479
7226
5498
3686
5031
7915
11544
8175
5296
11244
5805
4935
8320
1228
1774
9138
3290
4613
11617
5333
8829
10491
10753
1900
9740
9478
3590
1844
2861
11505
1740
11037
11900
4333
5658
1978
10082
3082
4105
6251
10914
5005
1153
10983
6335
6192
7041
6092
1807
3012
7466
4410
4866
9796
8301
10417
3025
5958
4873
2688
11284
10171
4193
2029
3176
8716
6928
5020
6254
525
717
11947
2236
349
6548
5262
377
507
9049
6305
5732
5589
3903
4634
7971
5530
7810
459
1182
8300
3133
7788
6005
7262
8313
6722
7562
9732
4280
6737
1394
2774
10984
8305
7146
8698
8328
4998
4469
11355
7863
782
6077
2735
7086
9435
467
10332
6840
11236
9887
1101
630
8758
7451
7965
6787
11624
8190
1933
8322
1672
6259
3083
1379
2474
4217
7808
6252
6952
4039
7419
1227
8538
519
8419
7774
10406
9521
7516
7401
112
4698
2045
1372
659
3396
4094
4775
7039
8312
583
1643
6034
11555
1828
11701
5829
5025
5489
5228
3128
8546
10348
3123
2731
9305
309
592
385
2473
7498
5942
988
11468
8875
8903
5773
7251
10641
6766
1724
4071
2432
5345
9968
5654
10912
5871
1684
7635
4400
4157
8759
7
200
3053
2152
2522
10222
11055
5470
4348
6659
11114
6188
3538
7818
8883
6555
5050
8408
6734
10891
1621
11250
974
3974
10820
3381
9318
3168
10040
1782
9313
5382
5945
10432
2706
5518
4761
4011
3465
4609
291
7313
3672
4984
7302
7118
9937
4110
5439
1105
7518
5677
1816
9605
54
4522
4575
8741
10718
10880
247
6683
10011
8991
10999
4293
1064
10465
2231
7259
2257
6693
3362
2564
11871
4380
9476
9797
951
2373
5643
9187
1443
7221
3101
5585
8932
3516
10775
1908
1370
4472
11696
8852
9524
8911
6106
10827
727
4977
6153
9206
550
9148
660
6487
9135
3420
6629
10818
8630
5756
8473
10890
5582
9843
8957
567
3507
5504
7127
6583
456
4854
1359
2002
4802
7846
11489
7914
11266
1256
10436
9886
6910
2586
492
8216
1411
11723
2410
2138
3917
1463
9074
4725
6317
8671
6018
1932
1901
9417
338
7656
1480
7248
705
710
11754
3478
3472
2245
7747
11319
472
11604
6909
8275
6553
4788
11093
11783
10214
3497
7383
7563
8089
8980
8550
4020
9612
11667
1912
3597
6019
11331
9375
6213
7878
8104
8163
3487
11514
11928
8846
866
8717
1421
314
9260
3357
4736
5827
4419
5838
1294
877
9416
9615
10826
5646
5719
7341
7207
9487
5211
9328
4919
1988
10610
8223
11810
163
5648
1457
6877
8766
5703
5143
1044
8139
2702
2721
9517
6355
9404
4966
10219
5627
7286
5963
5790
3433
2784
7583
6668
11550
7008
723
2315
151
10807
3205
10371
8316
3394
1264
9479
872
11092
863
8575
6796
2792
7820
1464
2695
2828
2187
5362
3332
4307
486
10284
2411
11875
11548
7719
9707
7519
8591
4943
8808
1442
1164
5743
1327
7960
8888
11583
328
11963
5297
7654
10305
10532
8239
2727
2117
10763
7693
7852
557
1947
2237
10835
11737
2593
10770
417
4068
7531
1535
3185
192
10724
7316
9933
4543
10490
1752
1079
6921
2369
9514
1139
775
5559
6016
7094
9700
7638
9889
2031
495
8707
10881
6229
6992
7815
5834
11700
6914
2069
8082
10317
3561
9668
7751
4567
7595
7272
9888
7634
9303
4693
666
6195
832
5316
7166
4760
10221
511
11958
616
6556
5388
2190
3043
11932
2557
3688
441
2144
8478
3644
4633
573
8635
2854
1436
6193
3164
10247
4309
10049
2286
1444
11526
2581
2083
6124
9825
11348
11524
322
9620
8134
9059
5459
10848
2652
9447
2602
9947
2921
529
11567
11833
9392
11181
8204
10066
7360
6201
7183
8781
3641
2310
2509
8024
3721
3183
6994
70
703
74
536
8754
9734
11718
5311
7800
7078
2001
8621
5966
6606
8426
1252
11135
11547
11939
3886
11232
3544
11936
11227
1620
894
4890
8324
11774
1350
5544
403
11204
11062
568
10752
11001
2475
4391
1859
6020
4679
4331
9906
5503
6398
8946
2722
9072
2812
4501
5256
4887
5825
3991
3452
4299
10671
9994
8577
1909
8307
11409
5754
11381
1291
5991
9377
709
2633
4209
3532
8810
8201
5356
7794
11520
9835
6271
6142
5681
8170
5875
10996
5339
5274
9929
4661
915
9223
9868
9725
5776
3224
5744
9910
1670
4167
3519
10439
5647
2105
11874
1453
7495
6793
770
10278
7458
9381
5326
9271
3494
9642
10133
1611
11563
10413
402
5850
4412
7955
4287
134
4553
4354
3899
2040
4665
2893
5035
11577
3054
10885
3990
8280
8629
1654
4600
8763
7730
9154
10372
84
1866
4335
3607
8858
10523
104
1942
3445
6214
3131
2843
3386
1219
10682
1303
2758
5769
5639
6717
3248
11497
4032
5519
11150
4825
1445
8845
3317
86
9531
6604
10872
726
11741
1036
961
11719
2616
6612
5488
8607
9088
8456
9289
2980
6331
2466
7469
7776
4666
11445
5104
8813
3976
10220
10440
5052
11991
10847
1433
9633
8116
99
9648
3892
2666
3337
1749
7771
665
10719
7822
5478
8619
7230
10531
5265
3006
2205
4384
9884
1776
5465
822
6130
3897
5201
3010
6113
2142
11981
1696
1025
1250
7074
6290
11899
7165
9177
3140
11901
7061
6833
9189
7338
9488
2689
7018
6033
3179
7283
10254
243
4512
7760
3545
10606
3190
1608
11506
8995
11956
289
11684
7092
5736
8457
11770
11637
2359
10243
8001
4258
11836
7803
11423
6762
11383
2768
6001
5865
115
5957
6507
11800
931
5536
7620
231
3508
8386
954
3500
11436
11030
7114
428
9883
8610
9998
386
10150
1669
5420
11760
8459
11113
4759
131
8530
10061
2081
4045
10045
789
10691
9751
9281
11429
7784
1450
859
6400
9872
3110
3695
6220
8804
85
4819
3567
5867
7829
2835
5150
6520
2783
10567
9151
10742
8962
3904
8615
7116
10811
6817
6936
10853
6207
6684
2978
2492
7857
1412
154
922
9121
8587
7362
1176
3952
2942
9111
10111
3315
2170
4771
4658
8854
6811
4367
10762
9790
6859
6971
6272
8778
206
817
8793
3182
9326
4156
4659
4364
6224
9431
9022
3431
4594
2193
8600
5224
8448
288
9006
1458
8253
4640
5931
6110
23
1792
11666
4739
8368
2113
2043
2345
4780
806
10796
8736
4990
5887
10481
2886
6835
4591
976
1841
9705
11308
11818
11640
2337
6484
4830
2551
5280
5068
5587
5760
202
565
4241
7400
9184
4417
9593
2150
7537
7378
113
4401
10060
6597
9583
229
882
11815
7306
3255
652
105
4715
11292
10866
5092
9493
5929
7076
6392
4225
7274
11809
9675
2095
4768
2676
3196
3485
9856
11221
4489
2364
3135
2427
3813
523
2871
9426
5444
9263
10021
4889
4098
7696
6984
3872
9660
1244
5158
7010
5081
6231
9571
5730
9366
11793
6682
9588
52
811
7606
5848
10426
3870
11918
10299
8218
735
7959
32
1979
7042
7413
1273
10917
10784
2536
8725
715
9536
8673
8315
8569
1595
4559
10987
6184
4323
520
5175
177
950
3417
4132
6287
10925
7240
9727
3595
10994
4455
5505
8479
6050
98
6349
9976
8513
5445
1639
10988
10620
2168
290
3617
9718
10347
10876
1705
10135
8955
4510
11314
11129
2486
8179
10390
11802
6647
3835
1794
5987
4314
6278
9900
7970
9036
252
7198
10388
4153
3746
454
2962
5586
7365
4716
11159
3458
6159
7293
152
10100
6776
3488
5114
11040
6238
11197
4784
4915
9852
1310
3901
7407
11176
10896
9870
4642
9262
7145
3501
8389
1735
2244
2733
6024
11931
4847
210
4782
7966
9952
6444
2206
3751
11424
6958
11158
6575
4445
10777
10500
1708
5922
397
5561
2484
8157
8860
9951
5328
10839
4881
10527
11049
10015
4459
4288
11559
8210
4064
5775
3437
133
4628
5377
8213
7567
2819
5425
8499
3665
1871
1579
10575
7447
5863
9566
8451
11990
1355
8936
4970
6852
3343
6262
766
6912
1830
3585
7349
7462
8618
3573
9685
9637
3647
6014
9862
1041
2818
2397
3175
3098
5694
7801
1395
8589
7848
4403
11752
2088
5279
6636
8660
9278
2675
7492
11152
5493
5696
8871
11503
10746
3367
1265
7885
9418
10808
6007
8847
10410
6782
850
7045
61
7486
9691
5949
6733
5102
7355
6849
4492
2734
6798
5999
6329
3303
10349
9003
3018
2407
8967
9140
230
2421
11462
10129
3895
7565
7122
2415
4269
11615
1526
7410
9444
8653
9569
308
11657
11009
3513
1416
11142
8274
6588
7292
10857
2438
8785
5443
7231
6582
2448
5152
11059
2757
11662
11068
2440
538
10536
7059
6180
1440
9069
5511
2221
1883
7905
11440
8203
9585
1532
10137
10786
6087
2877
10435
5573
6380
5688
6506
3449
5670
4122
4027
8114
11725
842
5045
5115
293
5612
887
722
5837
7267
695
10232
10084
997
6550
2544
2667
9455
2622
4231
3694
4292
9161
348
6385
6393
7833
1270
1795
11854
11880
2465
7522
6430
5010
10189
4238
11081
215
8336
6306
980
691
9249
1391
2814
10648
7792
795
1027
6003
9840
11013
8381
48
6997
7463
4151
1613
2562
585
10862
4306
2073
7120
5768
8171
5712
6564
11709
8382
7591
6574
2955
7992
10216
6219
11767
4254
6915
6325
979
1241
838
9713
9185
6903
760
11829
9105
7321
11359
4090
4793
1888
3858
2140
8112
9122
9242
10364
10080
8100
739
8839
3404
2112
8143
233
11404
9194
1544
908
10951
9114
9337
8582
5437
3731
1918
7234
2863
1663
6267
5197
8014
4509
6477
5095
5881
9538
7777
6728
8596
5531
6276
7449
10052
4699
1867
3371
10248
3589
2743
10419
2716
4652
9574
4175
11224
6834
6655
1110
2104
5139
9064
9838
1808
8452
5801
2133
11708
6356
4349
1318
11184
2135
646
9307
9731
9631
9267
7399
7394
6736
8925
10838
11339
11412
9645
2370
9656
5406
5884
7943
7168
11082
8362
8678
1307
5955
2129
2467
10076
464
9071
188
6010
6625
4366
728
11920
2709
6175
5343
6672
7472
4757
10291
998
10756
1943
3869
11366
8718
8564
2728
4300
1659
6879
1406
4342
8078
166
11464
10175
8269
11861
3775
6504
3028
10734
11121
11881
5613
10471
2813
10274
8449
3798
11921
3154
3936
11500
6929
1785
6844
4814
11363
5924
4471
8240
9256
1230
11398
1555
11458
10004
11731
4493
11231
8791
11471
6522
6315
5978
110
11140
5416
2672
3074
10568
1880
8924
391
10434
5236
7578
5059
10002
6632
11734
10464
1347
3715
11541
7432
8466
6868
8832
10026
7505
7584
1405
1340
1427
1938
413
10558
4482
8319
3187
7716
1308
4018
4750
6442
6009
4232
11755
6523
2372
3710
7722
4433
6901
6425
2983
6797
9345
9442
3019
1929
9197
2367
625
11177
1921
2240
2444
10576
3948
6154
11670
2884
9405
2123
4939
10504
11716
10276
11459
2478
1114
5268
9918
3338
5822
8062
4183
8056
6991
2210
3272
6147
2128
5864
2879
3968
2338
3504
211
4816
10013
9170
602
7593
1003
2902
6774
2717
6526
935
9007
975
11982
4831
9450
6026
9687
3548
1875
675
2829
5547
5873
7626
4341
6777
1093
8064
8583
8566
6057
3490
4096
1721
1640
7947
7576
8191
11736
7029
8211
830
3093
3676
3069
10412
6719
7285
2136
3242
4749
11869
8060
4621
8311
7778
3340
6786
3319
10462
6740
1607
2049
1040
3942
3716
2171
2956
10927
10452
7115
10266
1358
5594
6279
8634
4056
1020
1283
3997
5037
5213
1392
4545
7169
8879
10554
3522
10230
1846
788
10952
8262
1341
7969
3297
7032
9361
8194
2201
9913
4052
9346
9407
6678
7191
7710
8331
1297
2200
9559
3893
9614
9576
9458
11208
7489
3940
2515
5397
5671
701
3626
6585
3555
1466
1030
3089
11744
6662
9788
9594
6563
9430
11237
2299
10797
4155
553
2423
7491
9969
653
11435
6011
7256
8323
2740
11167
7655
8580
5085
8169
10468
3085
11374
5508
7107
6865
6925
5428
7930
1112
10713
7541
638
10154
157
6264
7310
2443
2418
9720
8198
2368
140
10211
3481
10367
8007
8873
10071
3959
11281
7566
9993
11948
11795
4862
2718
8461
2582
10916
5325
11246
6436
7261
4859
9624
42
4904
1585
4072
3825
3704
1180
10008
2958
11930
7553
6127
2987
124
11328
8833
10195
5071
11780
910
633
5334
2874
6483
8016
10118
3852
4245
7797
4334
7963
2529
7617
2296
7630
1560
10149
10834
10048
8166
412
10676
9966
5418
1707
9753
1571
2078
4260
3296
11877
5761
6943
4210
697
3044
6664
10176
11772
2417
7470
4079
862
7899
8511
461
9561
8296
3857
3312
337
6494
8158
10339
3628
5802
9882
7661
2191
3405
10067
3086
957
2737
5122
9540
5021
8333
1108
4491
8119
1246
8556
11128
10425
8393
1671
593
3277
5429
11012
8867
9892
7982
8601
981
11647
6456
9539
7927
10340
3392
9117
11132
9711
3414
1428
10381
4279
10028
3642
7919
257
3373
11089
7698
10874
6830
11391
1080
1171
7855
10546
9932
4242
8348
8118
8728
6965
5259
3643
5749
2869
9845
4303
5861
2177
3149
1075
3635
8947
7763
3503
8215
3444
172
1966
5961
6666
8351
5939
1078
5473
4885
1237
5221
9804
5424
3656
3576
3828
11115
8649
6527
11692
818
5040
10382
6221
11868
8625
358
1722
5087
11003
8663
7897
6993
9581
8048
6108
2865
2801
1183
8868
1404
7098
9378
3309
7468
2807
4131
4503
718
380
11496
5956
6056
11645
9065
9002
11751
3158
8250
10608
5628
8937
11601
4456
4304
9073
10612
7677
7099
8248
7202
606
3821
1512
6285
120
127
10650
10270
11728
8354
4537
7129
11334
3483
8561
4883
10085
4259
11597
7753
10544
69
2297
1530
11362
4783
596
880
5373
9714
1935
253
224
3034
11120
7645
10288
6190
10710
9787
393
7441
576
352
9659
6345
3287
6867
5222
1649
5798
5036
5271
681
4804
3514
7368
4063
4107
958
4500
6049
4607
10571
6832
2052
5697
7000
9525
11848
36
3689
5967
360
1688
708
4467
2646
9047
905
7238
362
1184
7547
8788
7476
2685
1570
11165
8156
2992
7658
2124
8370
3812
345
837
10156
83
4085
4799
10144
3391
10649
4371
6848
5290
528
9671
6816
10861
9017
6187
6293
10272
10633
4421
3072
3770
10486
5022
2420
8545
4544
5148
2188
5072
8076
2892
11345
373
4870
1126
9682
6757
754
1247
6269
6944
5758
4569
10654
3726
1763
9871
2933
11735
2630
10204
5360
2090
10990
885
1786
5807
3877
5640
4322
2821
3282
4250
6886
5027
10888
11141
978
6166
11145
1211
11938
5088
4457
9131
8005
2022
4852
7913
5304
282
3773
5103
8450
11511
2110
4206
8237
1545
4352
6354
3838
5574
2560
10879
2842
7375
8403
10686
4954
4251
7488
6713
11694
9803
5463
6041
10217
10393
4924
8762
8904
5452
7103
2306
9681
5652
10958
4805
2589
5199
9014
10526
1567
9861
5239
9673
4197
7589
6210
4523
9152
2703
5910
6725
5299
2650
10950
2590
1209
8224
8181
298
819
4975
11326
11537
5390
4316
4550
4089
11627
2574
139
6620
1222
6594
1609
4002
11448
3582
3329
513
8971
5160
813
1488
8257
236
7209
506
4999
8431
7453
11807
6760
10973
6639
3568
8729
1726
4528
1869
3803
7428
8286
7443
3739
2834
5572
4604
9097
11835
11909
8916
1636
614
10785
5203
1751
8019
7780
6648
1456
867
5181
1031
1459
10411
6781
11346
11822
3274
11738
5992
3553
3902
6702
10553
7361
10892
7363
7154
11259
10850
5019
10258
6422
5244
724
9395
8702
6716
607
10618
11513
4329
11425
6874
3221
4350
3572
3295
496
6093
878
3057
8318
719
7289
11618
2839
482
11665
9946
8222
4894
9940
56
9917
6501
10795
749
7673
9669
10740
4708
122
4678
4227
4709
2984
4152
5309
9996
3331
4797
9475
10843
9234
57
2326
7809
3894
1470
6211
5947
7929
10744
9926
10029
2269
2567
8915
10672
387
8074
10929
11621
1255
8471
7644
6115
11712
4812
11268
5660
8123
7197
6401
5578
3523
3245
4901
1339
1326
11463
7889
531
2428
6256
7090
9598
10660
1843
5718
3234
10619
5709
5782
6440
7387
2089
2973
3569
7352
5302
11705
8826
1201
4395
103
1983
11243
7842
9269
8894
242
347
4022
11375
1333
5029
11178
1038
1508
3062
2965
10397
10518
5698
1288
6
4029
8077
3756
10418
3423
10646
6304
11542
6391
9853
3650
2860
4874
4938
6531
10445
6875
4208
1434
5293
3593
9217
10249
1130
11277
1675
673
1727
5870
6539
11191
7921
7973
4836
4257
5055
3762
6186
5476
6528
5485
11060
9508
8568
11455
10800
1236
11442
5615
3699
2748
9107
10131
3645
10856
7475
960
765
8391
20
11491
9881
1430
7657
9336
505
7586
4148
6389
8541
4310
4016
10046
5349
5878
3230
1536
3700
9973
5560
6838
8235
2885
11710
1689
6000
1203
4046
4714
8909
6602
6623
10935
1840
2288
5252
2907
9126
5793
10868
1927
763
5672
432
6168
6273
8008
6280
11884
2379
2096
2629
2780
1497
6660
4330
435
7110
2242
8515
2964
8844
7987
9389
10803
6891
2705
8988
5335
245
3816
11653
6419
8498
6423
5258
8494
369
10736
7604
481
3591
7096
1958
8364
7543
7957
3346
8554
8420
2974
9657
9622
6503
4959
5240
7478
1628
1196
2109
8057
22
6746
895
8790
10138
5466
1836
9350
3558
5346
3095
8407
10032
2015
3885
12
7999
903
3097
8392
5535
9312
1858
4451
4230
5073
9577
7139
10281
672
8720
5810
8283
10194
9216
9429
5821
312
10624
262
8599
5619
3778
676
9259
3422
10968
7296
473
4565
785
10387
8820
9363
10280
4701
7602
6465
11361
11349
2760
9098
325
11293
1447
9160
10338
7968
3256
5925
1995
11358
4205
4060
9495
3961
8205
7093
8531
7016
11239
8176
1521
5336
4311
212
280
3820
4422
5815
3311
7237
7305
670
6455
3457
6624
11543
1309
7720
1408
190
4327
10207
1381
527
6907
10621
9035
11499
737
3159
9775
7607
8002
11183
6826
9401
4295
3268
10776
10275
4682
786
2841
7993
9368
4142
9469
1113
3008
2889
10923
9848
7713
5030
8910
1224
1072
5453
2915
11831
340
10755
9613
1425
6089
2816
3454
3321
4526
8775
2790
7271
11447
2531
1215
5896
2106
5835
3698
1156
3370
137
7571
7408
11536
8987
5629
6191
1121
6688
3888
2996
11402
10875
752
7636
11703
9647
3536
4754
8102
7384
8135
2922
7668
8895
11887
5590
8347
8071
7922
235
6162
2248
6590
2739
7613
6979
9586
9045
4252
285
9180
1300
1857
4136
10087
11384
3673
1073
5872
10524
1868
2320
1260
9362
2966
6895
8639
1975
10799
3048
6825
9652
142
2991
2960
4663
6275
10209
6334
16
3325
1991
11394
6571
128
847
10519
8956
3328
8023
7058
10728
3059
2998
10063
7715
7071
7786
8981
10774
3822
8533
6967
4895
502
8055
7893
6518
2585
7287
381
5678
1500
5281
8018
9434
11590
2018
10456
8950
246
3996
6532
7427
6118
3742
3100
11797
9837
7594
6338
10616
11018
9974
8430
4381
9878
11961
7309
6362
6090
4779
5421
8069
11251
7288
5413
483
4865
4826
1756
734
10252
9172
5145
8784
1833
1414
3276
6366
6375
11533
9690
5061
771
11297
8831
10730
1099
8919
4727
1719
3016
3021
9397
3691
6905
5147
6759
10208
7977
5066
2179
4083
3808
4305
5819
1
6922
7162
2067
1623
6752
4617
7670
748
4282
2119
3474
9214
4623
7442
3385
4976
4106
11599
6761
6767
1519
4746
11110
623
2115
6028
7709
241
11122
1166
3228
5289
50
9582
716
1200
3330
5996
2175
5446
24
7433
8521
3102
2577
2584
7873
5857
4848
6021
4099
7089
7781
1128
4655
9649
6764
4130
5044
8384
10597
10674
9847
10933
3671
11317
4435
6288
9644
11333
9999
1787
9119
4369
929
7793
7769
4556
6598
10062
881
332
10645
6017
4159
6497
2155
5809
5853
7596
7137
4256
401
6178
4240
2697
11095
677
7395
2569
10474
10059
416
6236
2570
11698
8934
667
2696
2278
6165
3890
9813
9599
5855
4076
3007
375
4913
3979
11125
5742
10525
10919
9026
6194
6856
5254
8261
7108
1964
2514
6617
3614
3299
6641
10630
8009
11299
7588
10729
5624
7544
3759
6820
2161
5322
11352
8542
5440
756
5551
6839
5202
5569
4388
9927
6902
3249
6128
1413
6854
1479
7610
2730
8755
10368
9324
4095
9591
10363
2332
3840
4967
11000
108
8070
6445
1562
9584
4965
2668
260
8772
2592
2547
11826
10727
8920
3047
5451
11223
10407
10667
1259
5757
8303
4040
2376
10199
11216
7860
5911
7084
6945
2684
10497
6806
3191
3510
8965
4164
1120
11693
8266
7835
9315
7649
7550
9092
2459
3137
8506
10395
671
11867
11950
6718
11925
1631
9979
3113
10404
10031
909
4840
1168
9768
1622
8432
2642
1720
7736
5053
7397
810
7675
11196
5350
827
808
4995
8838
7615
2275
11039
8886
10065
2357
9382
5936
9247
8058
2305
5777
9423
8341
9806
3884
5764
4181
5049
6890
1371
2516
2220
1673
9562
4119
8606
9474
2875
11045
4599
3439
3804
460
8353
1157
499
9907
8672
3887
3631
8462
7075
8335
939
8445
7974
4717
10459
1422
2163
10959
35
7940
11480
4200
7176
11275
6396
2456
11515
6742
8164
10173
7301
5659
1187
7534
9879
6027
9266
10018
6599
1848
762
10986
390
1615
4842
11540
1015
3724
9702
5588
10617
3244
7961
10328
5632
5979
11091
751
8594
7581
524
649
10714
7701
1410
4900
4265
5062
198
6257
973
6239
4218
9030
769
4731
1610
11746
9822
631
2439
6012
2637
3675
270
3962
4786
8650
10978
221
9757
10898
10903
6981
51
82
11282
5812
9010
2498
6794
10602
10268
2082
8896
4861
3184
10024
3836
8644
8140
11573
6227
4649
418
11664
10196
1746
10995
11428
11706
4347
4101
5266
1550
1476
1894
1454
6406
2464
11201
7163
4824
2483
1465
5111
6964
11272
9483
11860
10840
2648
2971
4035
5435
599
849
6312
7590
1277
5074
6167
3681
5665
4505
7253
6864
4198
1251
3581
8949
372
8440
7284
11486
11886
6394
11175
2405
9001
3600
10765
2131
3419
9824
1207
5840
5305
5727
7659
5294
7718
11942
9041
3361
10600
9497
6845
3218
11054
4897
10976
8926
6495
4728
971
9532
6265
3003
234
3805
9275
7167
11974
5592
2097
3441
7484
7746
1638
11156
6744
7859
10161
4821
7334
3802
8345
7501
7628
2724
5554
4769
3744
384
1701
1676
7622
5662
996
6200
5032
8045
6889
5210
3210
10962
9618
1362
1793
6576
9823
11595
10162
10706
4795
3037
10652
11323
10656
2399
9317
5483
222
7568
4743
8039
2461
5526
1475
4800
3598
11660
11743
6853
9358
10889
2840
8219
1635
5532
861
8477
11972
611
5745
2251
9091
2809
8892
11220
2521
1282
5179
8308
10512
9511
9609
4720
9565
6490
5664
7560
1242
7406
1660
462
10098
4533
11896
1753
10290
7900
10298
972
1564
5448
8109
5278
1924
6234
3015
2682
3375
7414
2725
1633
3779
7637
9201
7227
9239
4382
491
5750
5923
4114
6323
8749
6302
6978
5540
4672
10816
7047
1467
9219
5038
8346
6559
4627
2847
8294
8739
10326
10695
3796
7445
746
9264
3624
5762
6489
2223
5348
10852
2158
7552
3479
11071
8414
6731
768
4386
1910
5490
5347
11252
9834
680
7694
5386
3313
10379
4844
6754
1847
5928
7689
5220
5409
8780
10945
6966
9801
2857
1855
721
8743
868
3067
9778
9717
3172
9387
1325
4379
3638
6841
713
8584
2693
990
410
7393
58
11890
2176
3881
5458
9123
2348
11534
2481
335
8659
7396
5243
3912
10851
7597
3129
1646
3526
11274
6071
10064
9715
9640
548
8214
7031
1565
9694
11209
5566
10739
2333
2433
4374
6052
11456
5261
11411
3748
7070
3281
6340
9025
5218
3000
1971
7866
3384
10351
8129
5247
7920
6237
4758
6961
3432
11254
11298
3322
5953
2025
10334
4255
3933
205
11739
8234
10975
10859
5212
1160
5701
439
5351
8737
95
7072
10601
11953
11631
11302
8145
10310
9746
11168
3216
11721
8034
10521
8481
7434
5192
1337
4711
7887
10723
5209
11846
2009
3220
5858
77
10244
6726
3856
11865
2579
10582
4549
7100
10590
7298
9867
10870
1129
572
7650
11130
7515
11891
2061
4777
6667
5166
2916
5090
8287
7952
9527
10941
10357
6225
3142
5998
5707
6241
3786
10453
8442
10759
5189
6072
383
8417
66
2767
9009
10806
3213
9811
2019
2944
934
11304
5376
10202
617
8614
8150
7587
2559
5916
4086
9118
26
8992
2023
5125
2513
1531
3466
6438
6434
706
5366
8260
9370
8036
11572
10346
10989
10939
9464
5644
7912
8130
6784
6420
4474
8429
4465
5538
6097
10478
5438
2424
3194
5941
3575
11418
305
3791
4536
2007
9325
3807
2825
9793
3752
3009
8640
7580
11396
8760
6383
3117
6474
1693
9299
7551
7446
1272
814
2787
11779
261
8186
7013
3026
8818
11935
3685
11588
2609
5933
3195
7950
3014
8054
3849
9523
3125
3024
1148
5002
6637
2482
1533
11839
504
2651
4858
9736
3958
8505
6432
4951
2934
6846
5307
2952
11215
5882
1760
3627
132
864
5794
5816
9199
4397
4118
2799
8579
764
7017
6196
6873
3397
4087
11109
5702
8595
4670
1650
4643
4703
3334
6690
2252
3512
458
2729
9053
7222
3769
9439
4696
742
7171
10683
1764
11124
6674
1163
8705
319
2056
10508
9858
7220
1285
6223
3275
5932
4790
8719
3347
2207
10091
8944
1976
6372
9516
4092
1558
7856
11318
9971
11151
3372
296
5054
2037
9301
343
484
3378
10966
1553
7389
6969
8602
6198
5621
10105
986
5329
2502
5494
6995
10943
10948
8483
3985
2561
6626
4548
4922
10540
8255
6711
9510
4978
10825
1732
8398
9773
7739
8096
6669
1313
3206
6587
5130
5128
6289
191
7705
5567
11310
4494
3022
10487
6226
2393
9104
4418
10841
11087
11313
44
5524
2270
5721
5565
5537
7152
5003
600
11271
8051
11485
4406
10751
1076
4325
10318
587
2058
1987
3219
2074
9611
1248
2303
4466
8122
621
6365
31
3680
1511
920
5905
3868
1789
5885
8304
9683
522
8547
7164
469
8993
2968
2898
1540
8735
5367
1145
11382
7512
9985
6609
2276
4236
7556
9639
501
10035
9924
8247
6099
9306
5395
1916
6263
11985
3389
11607
4165
1599
6073
9816
2260
4432
1449
3153
5738
8500
6855
6373
266
4399
4385
2309
1810
9008
4328
4869
3442
2350
2008
8196
4462
9922
9709
11439
4082
10980
1330
4886
3927
4213
9679
1661
11906
2458
1897
4375
852
9942
2778
2578
11943
11995
11189
7111
1647
3718
7708
4680
489
10273
1956
2595
11229
11747
5728
1788
3484
6390
9297
5267
4278
2452
1363
11325
457
7986
5283
9850
3200
5752
2603
3938
2032
3263
453
6424
2951
8876
10717
357
7509
8416
10801
10255
5242
10420
3658
10513
8942
9977
7599
9875
9729
3882
1192
2068
3623
10844
3737
45
8267
7229
6348
1915
9730
7669
6202
3456
10477
167
1885
6809
88
3076
7318
11691
3177
9421
11198
9287
7817
11263
8730
8738
6470
9037
7728
7004
4557
2169
10679
8929
8856
11762
6983
7497
10594
1575
3152
5101
4930
6882
1603
1717
2859
5075
9635
7002
136
9436
1887
11859
3954
9459
6075
9286
4942
1757
8242
4160
2436
4695
4834
2789
9171
2866
919
2594
7643
4602
2913
4448
1162
7245
6481
7991
7117
11393
445
9722
2044
1539
2698
11002
9031
4615
10793
1485
3529
1100
2639
8959
11554
5977
7056
6788
8974
11260
3352
311
175
5584
7585
268
8033
9099
11385
3114
10017
1132
10192
4229
9992
9956
5901
10444
4138
7219
6987
2539
9163
1409
1813
3998
1990
3947
6570
767
11211
10789
1023
2691
10360
4453
2111
2391
4402
7351
3017
2336
10865
2406
3407
7756
5982
3916
4811
3202
10731
238
10747
2927
4025
3139
2091
9440
4434
2946
2726
8997
10494
10580
9572
1655
1179
11182
9441
11432
2353
11733
8390
8436
970
5523
7411
193
11620
5043
7964
9113
10864
1653
6242
2583
10180
11757
2674
952
11784
5943
7816
626
7651
1832
8712
9284
9355
7789
10178
1058
4267
6917
6212
3233
5232
6954
7063
7840
153
5196
10684
1820
3509
2546
1070
5457
1524
9438
10103
7577
9905
10122
3376
2621
7106
5433
9428
11053
8446
8397
9967
3468
10197
1033
8905
7523
6471
1317
11763
2084
2233
8982
1278
7180
3634
11205
540
5091
7426
714
6710
5907
2677
4903
8343
8611
11663
4140
3829
9807
8593
10455
5165
8975
9535
7133
4015
1662
7731
3871
4611
4038
135
6216
3463
9314
4772
8970
6813
4530
8706
2219
1494
9543
11291
11139
321
8369
4146
10215
1420
7904
2325
2506
3411
9836
2550
4477
17
4635
11642
2356
8578
8552
5392
4344
612
6769
11449
11913
15
7798
4598
9243
4619
6789
2811
2612
10721
7264
11516
6270
2070
10198
7022
1361
3973
9181
6381
1225
7151
7704
9134
1667
4502
10314
2053
11724
9916
6610
376
9841
9448
1125
11309
1399
5557
10873
3750
6182
126
1913
4584
9646
1657
10385
2771
4644
9915
10495
3799
690
9590
11096
1949
7962
7333
4974
4896
3613
5011
3320
2736
3186
2059
10849
9744
8128
1287
10279
6480
3180
8786
4614
10257
5598
6885
11889
9296
5001
476
5577
8565
4006
9754
8363
4077
2527
1311
4843
9202
301
5634
4172
5546
7618
1296
10498
9672
11296
11965
5690
8526
6747
8864
8098
10003
3181
11337
1557
6870
7130
2587
1315
8574
5605
8797
9810
648
774
6088
11832
3124
5938
2419
4439
4444
9680
8799
1009
6388
10819
1718
7388
6363
5449
9233
5168
6524
3410
846
11388
4809
5263
5250
10712
7851
3722
197
11730
9400
11265
11226
4426
9334
3349
5185
2162
9083
9758
1986
8026
2853
254
9043
7326
2873
4756
532
510
2072
1336
493
4189
5269
7009
5509
5464
7765
2468
7888
3467
8292
5412
10760
11027
9204
3443
446
8310
1122
179
11748
1919
2715
3745
8373
4985
3667
3728
4624
6783
9984
5995
9188
4547
9629
855
1357
5803
11
10938
3865
5880
4424
4723
6771
7627
10259
8811
9175
8465
4838
8882
5100
7440
6218
3348
10493
10345
591
7520
3602
4338
5765
8642
8136
9147
4650
10205
9052
7898
1829
5431
10295
2425
4774
10982
1103
5517
10353
2351
9136
2764
1284
3174
11340
5110
5225
555
6255
9270
7546
5475
831
1561
318
7062
3839
7646
1111
8028
7260
11166
10548
7671
4458
9795
3709
8435
9250
6079
292
6872
6462
8603
10815
6770
9300
10697
9696
2471
8192
1543
10110
1102
9000
2028
5849
1520
5767
9939
9636
9771
6055
11320
7980
4730
11957
3827
4690
1605
6696
7928
575
323
4274
3155
9827
8598
8977
1769
2477
580
5046
1826
5096
5419
7266
2042
5093
10992
4007
4587
93
10899
421
10307
10140
6163
6360
4030
6613
8422
658
10936
6515
6076
3611
2830
7573
11608
30
8042
11364
2950
1809
10261
4339
2035
1373
10810
11636
6857
5162
11365
10824
1223
2597
11951
7639
11387
6341
5706
11155
655
812
7348
9728
11222
10479
1890
4237
9710
8012
1552
10185
9502
10837
4358
10895
249
287
6927
3291
512
4525
9716
1189
10147
3977
7664
9024
5217
955
9666
5070
11441
4888
5580
1825
4620
2638
155
4168
4929
11147
639
9665
10168
9676
10438
668
4961
3837
7493
5521
5372
11827
11522
8410
3662
1985
4546
821
2678
6578
4475
10767
9218
2047
442
3400
3042
8893
3421
7909
4823
129
2936
4595
485
1090
8178
8360
1803
10694
636
1745
11154
3639
2495
2060
9512
4021
11845
8733
6409
4668
4074
3531
7894
1002
2747
8691
147
2997
5176
7126
10934
1367
5411
7377
11759
11923
7762
320
8645
4917
647
10668
2607
2192
6397
4055
5555
9693
5385
6032
4104
5600
4111
440
10573
1895
27
8656
6618
2451
9777
7085
6661
4849
8740
10293
8620
4539
7814
297
7054
11311
4718
4856
1364
6415
284
7359
7218
10362
4794
2377
7923
8409
8299
7726
7679
5787
1750
11084
8968
3492
11661
1418
1784
6955
11529
1566
5866
11702
10822
1471
9764
6131
0
7412
9222
10693
11098
174
605
4841
11878
3774
7112
5167
3380
2130
64
11686
2254
4201
11883
3657
753
9986
1666
1682
1704
9798
6975
4353
3834
2361
7764
564
603
11650
3653
9820
4734
5606
2856
10043
11609
2618
10502
3475
2906
823
10830
1946
8427
7871
10957
2442
5997
10466
1818
1761
1940
9626
8084
6804
5468
39
6260
8011
6485
5604
1864
8783
11294
11654
10772
4631
8339
7417
263
1061
10794
1863
11648
11632
10182
9800
4918
4971
4892
4514
8126
10732
8482
5558
7783
11021
3986
3679
5359
6105
4764
4001
5527
2143
6516
4801
7933
1747
3266
2540
1893
143
4336
3099
7839
11434
1047
10443
4139
10019
8352
6292
3147
4088
11219
1174
6357
4034
9743
2394
3189
4531
480
9989
3620
8238
845
3592
9340
10075
5625
10680
2512
184
7504
1046
6792
7948
6595
7917
6779
11264
10012
6652
7609
1127
5972
1254
10877
4851
1146
2552
6880
11570
10309
5620
114
8557
1212
4944
3980
10127
2600
2365
6935
8921
9498
79
3654
1011
11419
5484
7033
8523
3625
5123
8866
1645
310
10134
1884
3792
9332
1086
2808
9619
10359
6808
1695
9067
797
994
11126
10038
544
9909
4724
10911
1043
11225
9944
2010
11578
2976
9196
336
7642
5006
1383
4955
959
406
8258
2094
7460
911
3188
2389
8125
10788
8285
11678
7051
6842
5714
2134
8657
941
5423
4980
4428
9859
4688
1034
5737
4154
6962
9213
4867
1851
3226
3841
1014
6048
11490
7892
11256
8943
11750
5711
993
5641
5146
4737
4981
11295
6281
9232
9603
10831
2901
4162
9975
1000
6823
4518
8507
1396
9176
2525
8622
1348
3987
7665
1017
3002
7521
3735
1468
7680
4705
9954
11927
8244
4710
8484
209
1870
8105
8453
11035
2287
4962
5317
8094
8559
4578
475
4405
10802
11673
10311
7354
8711
9248
4313
1996
8745
2851
4738
5159
5533
9747
8527
2400
7104
11473
3855
10688
3981
9168
4704
7834
3088
7421
10516
8309
9723
9460
10981
11853
11722
2098
1193
4864
9519
10344
7243
5755
10073
7269
2815
4914
5077
11695
1955
1856
4662
8923
11531
3950
8549
3460
7320
3757
5549
2450
7503
5223
3073
9125
7761
353
2268
9374
5230
1598
3879
3096
5860
1652
7088
962
11494
5012
11401
2671
8646
6466
272
1593
6605
9193
3004
9534
9610
10720
8534
5113
2189
8149
6869
1930
7477
942
9412
265
7060
11585
8065
10985
7832
1094
1360
2021
34
4902
9290
4506
7740
844
11444
3588
11170
6896
4685
1559
7632
9456
3811
2528
7358
5539
7471
8365
9283
11451
5432
6399
11137
4583
415
11131
9132
6376
541
2752
5973
4180
4827
9563
8796
11592
9604
4921
4332
720
2165
6694
4534
7956
6821
10188
6486
5716
5024
8953
3831
10416
4345
10669
10662
1668
7119
6358
4420
2836
4073
6658
9908
9547
11576
239
11377
4149
8273
1051
6634
8111
8604
4877
9472
4596
60
6318
3729
11539
8151
2431
5206
1799
208
5500
8842
9844
571
1118
463
9826
10758
6189
10687
5067
8155
10101
11680
1322
11501
1842
6790
2198
6738
4839
883
2030
4005
9103
608
2947
1492
561
5836
712
6514
5894
5327
1377
1083
4762
3308
9570
7464
651
8467
11964
1697
10051
4239
4490
425
629
945
7097
10057
1218
825
6322
2959
4880
1860
10846
9555
10414
10145
10928
688
8908
11517
5164
10058
5310
5726
11850
4674
11024
279
7336
8840
2024
11026
2480
6404
1299
1382
1154
804
7159
3922
7081
6310
6120
392
7233
6040
334
1738
2793
3269
4262
7674
787
7611
2003
5890
5914
2247
7528
6215
9360
9842
6245
10467
4733
4266
160
2265
949
3554
2426
9799
4446
9934
914
8350
3333
4243
449
4481
6876
9427
3951
3283
6619
9432
9245
11508
9051
6607
11102
9706
6244
8147
8502
11994
1503
5127
10177
10638
7438
8648
8325
10143
1765
7278
355
8751
8340
1345
5157
3860
1169
11138
8703
2218
5974
2566
8108
8030
9699
6332
1923
8469
4577
4234
5844
3559
4499
2824
9943
7690
4296
6721
11507
7149
2331
378
4700
8472
8914
3077
4416
9849
444
8570
9945
9225
1177
7978
2086
8246
9748
4058
2469
388
4555
6568
7416
11099
3539
11970
3170
1321
10350
1796
7011
3669
10212
6699
4468
9179
8206
141
10241
6953
7533
3173
10798
3130
9857
8188
11820
1802
186
9815
6454
6755
4137
5287
10997
3520
1007
5985
4941
7281
5292
11047
7640
6403
10860
5553
7629
2686
5545
10007
8927
4480
4527
466
11971
10294
8489
10522
10039
4134
7350
6500
901
2215
4691
3755
10329
857
1637
6029
11426
6277
3156
5462
8383
2970
932
10561
7749
3720
7721
10378
161
6253
7028
1876
2925
8544
2280
1253
9958
4973
2993
8395
10670
8021
3955
3427
1716
7837
5487
11782
118
9864
2038
5950
10563
9898
992
1226
11799
747
7976
1328
3616
4065
11962
11144
9651
10738
9965
117
927
5065
6805
479
5741
9769
3993
2644
11185
3365
11915
6940
7732
11044
10165
8225
8101
4908
6064
10779
3543
1917
2395
943
11704
7435
5496
1743
10327
11301
1199
2846
1528
1563
8676
10771
10637
7557
40
10485
5980
1001
7473
8922
11669
7105
10979
662
8073
8342
779
2271
1295
11643
3063
839
11626
368
276
9471
4317
7235
534
5656
9096
944
11029
9919
1050
3377
2598
6352
1403
6739
7014
2194
9384
7246
5387
6085
679
6795
11421
736
3247
6408
8029
2004
2708
3797
11134
552
4372
11916
1138
1591
2490
1934
7461
11017
6581
3127
1734
3733
6772
7370
8099
2291
9692
1096
11368
704
4343
4043
10042
3918
6496
7423
6063
8824
8177
7697
2606
10549
169
4283
5522
1235
10424
9203
9484
4832
5766
9406
219
5575
5879
10625
5691
2272
729
8822
6311
8787
9028
7294
4116
8674
2125
9781
8276
7511
5171
8187
2656
7479
11255
5198
9229
11521
4671
4214
7854
1081
8468
5990
5568
4945
1151
9662
3583
4319
841
5379
2390
5270
10698
1755
9402
408
5013
3517
3712
10635
4178
6428
9191
1865
11863
11941
10599
2204
8338
4997
6803
8746
4707
4763
6685
11474
6700
9208
11649
78
2261
8183
1778
11952
1397
7861
7280
2888
10705
11011
10593
1281
5602
7624
5172
6989
10130
11446
1733
2833
2649
6692
2690
8470
2954
1390
4593
6665
1960
3537
49
6062
8658
11262
542
256
1998
9617
6592
7439
1999
2404
6897
6512
9895
4751
10148
7270
7819
4191
2263
116
6577
4211
1581
1702
2555
8543
11034
8072
3603
11792
9480
10160
11714
2975
1319
10764
5512
6657
3136
7935
2302
893
6686
8278
8438
7136
6642
9819
7831
4712
3506
2180
11771
11897
3438
4706
5430
6412
159
1831
7823
9288
6150
182
2349
5233
6735
3298
7299
3609
9102
2572
6488
3055
10707
6405
10159
11258
1902
3499
3690
5094
2699
10034
2759
11073
9241
5792
11535
9921
4702
5729
7255
8641
2700
6561
7660
6022
6831
3900
11077
1116
2499
81
8067
8165
9445
7796
10461
3238
2329
4560
8249
2241
7633
2526
740
6681
5195
87
2732
4247
11108
5023
622
5177
5772
11969
3949
9760
8709
2943
5814
1658
11882
10123
2416
9477
2763
6059
3730
11488
9396
2591
6112
4121
9783
10025
9782
3736
3570
3964
10036
5060
2820
8061
6482
9542
2817
7625
7616
11051
1419
9226
6689
8631
2178
7193
1758
3874
799
8573
5609
1780
7496
9575
10475
9323
2670
2118
2330
7080
7758
4378
10170
618
8774
11392
6492
1066
6209
7282
90
7364
3033
3198
650
7752
11007
10484
9145
687
3116
2000
1056
3586
1019
1042
8059
11908
4171
5893
3696
1067
4315
4450
3064
956
9627
5064
1685
999
3160
4629
8022
9349
7507
1484
7805
4581
6663
1594
3909
2532
3969
2751
3023
9936
6157
5908
3208
10023
11523
9040
8230
5344
4357
2604
80
4936
4277
2027
1783
7091
10506
5028
3109
11063
3596
610
7459
3832
6441
7236
3355
9093
674
3605
11400
4177
2781
144
3493
6339
5562
7457
3524
1306
300
2931
5507
7064
7743
6540
551
1349
1059
2344
8597
2838
10226
5370
8744
196
3818
5126
3327
9446
6104
10489
3875
6615
9567
4653
7069
4752
4126
2274
4192
8637
6286
8588
6871
6947
11416
3151
10778
3664
8197
9237
9273
4173
10725
11998
7748
97
1936
5170
9808
1172
773
6361
8231
2744
4515
3041
10394
9701
2723
2319
3929
6284
8093
926
3075
4057
331
1385
11327
5994
1165
3178
2750
9552
10663
6712
3192
5796
10228
9739
5842
8792
5321
2627
4745
10172
1889
6904
983
11758
158
3169
6222
6402
9874
1141
904
10768
9602
4776
913
554
7153
10055
3292
6858
4898
121
6101
9128
4592
1527
1082
5845
6427
8609
10628
5034
6344
8387
5944
3719
6094
3880
10139
9085
2185
10562
2267
4748
5441
4158
2476
8376
1378
5082
11067
10812
7825
9231
9703
7844
7737
9877
3324
4815
3091
6053
563
11644
10480
7390
6850
1451
9468
545
11558
6976
5717
7194
6342
9005
9505
6232
5934
11450
9923
419
1588
7402
2051
1606
10722
11064
7044
8488
5007
11065
1953
4669
5948
6541
10324
4535
1651
9082
5699
10748
11042
9341
6926
11946
2673
171
1604
2298
10271
8510
6745
65
516
2911
5902
11161
4291
8298
2494
7931
10265
8385
835
9081
8636
11530
2314
743
8337
780
10022
7502
2999
9310
10787
11430
8463
3293
10476
6459
3398
11066
11104
9253
11699
2430
9344
5155
8951
11975
4174
8551
1728
8848
543
10804
7160
11689
11253
6529
6013
3261
6006
1703
6426
10773
533
223
10737
9935
33
3826
8227
8236
3920
11112
3239
4991
7381
5708
8302
1906
313
1997
7342
4368
2238
5637
10277
8529
6911
5107
10754
11136
5832
6421
359
2401
10677
7053
2485
7307
3636
1850
364
8900
9379
7995
11926
6371
9904
10559
6918
8090
4719
10955
404
6083
10842
10613
329
9422
3079
11687
3967
1941
7944
6283
3905
4396
11720
4855
6887
11466
5499
2255
6308
7052
637
11367
7663
8281
5937
10692
5364
6023
8006
5734
8581
5785
8063
661
6208
398
9549
2796
6538
8439
3659
1945
5970
10696
2687
5954
4185
11405
11812
2374
9587
9721
10375
3629
382
1578
3252
5556
7598
7508
3697
10331
1356
10971
9415
3480
6558
10595
3515
9911
5753
3563
10239
4882
5649
3060
2795
1144
9901
5400
3225
11038
10631
8043
11894
3207
162
7328
4496
1194
6697
6449
4273
1616
225
6174
6584
7034
5813
5353
9941
3768
3498
8137
3353
2626
2284
7506
11105
6274
4810
4452
6235
6508
9928
11840
10355
8802
11766
1835
7082
7799
5255
923
584
11415
3302
6145
560
10227
3476
5904
1584
11482
6347
5601
8880
9560
8803
4387
9876
3107
5746
10533
2208
474
8996
6122
9981
5895
4940
3763
4798
10503
11791
6720
7870
8495
2225
3344
11403
9708
948
9812
9215
1952
2387
6070
7954
7997
7759
3323
2800
6217
7714
2080
4744
6461
396
977
2386
7023
9667
3436
7902
3683
4937
4389
7174
7050
278
9765
1055
8805
6990
3783
9997
6326
10213
10708
3701
7575
8632
9607
6621
4564
984
7249
7430
518
6847
1342
4253
1006
10167
5614
5404
730
3336
6827
10783
7874
11619
6074
682
8295
2491
5784
7195
4069
886
711
3214
11804
7247
9686
732
7682
3615
5666
11638
8685
2224
5492
9347
9737
4194
9818
4464
5964
8590
4312
7353
11143
2864
2924
9466
2761
5079
5817
2026
1849
9409
8447
1509
6258
8525
8329
2890
5674
4023
5618
699
10146
2712
2770
8724
1989
7770
6109
4356
10769
10106
5042
4414
11960
985
9075
4497
3307
6956
11857
11085
11912
9988
8795
10010
11872
8532
889
10538
2850
3240
11107
5657
1881
9371
2791
10970
5124
275
11395
792
4351
10117
7290
10510
663
7688
5276
2099
9766
4377
8288
6714
5724
10104
11581
11379
3873
3953
6446
9394
7532
2769
2500
8779
10869
7879
11967
4182
1619
1517
11046
1592
3963
11397
11276
1590
11206
686
11153
8558
5186
1920
6327
8954
4576
203
9578
183
3289
791
7811
3379
4187
10072
10585
11470
1271
1502
3717
802
10591
11672
2876
10206
1992
3946
11997
6473
1905
6096
2092
9252
6866
4179
2571
6939
6418
2756
1614
9513
11628
2848
8684
5149
2900
228
10336
3257
9149
1499
7691
11658
10225
11959
1551
1452
4003
10240
1678
5318
2507
10609
8068
2862
5811
912
5227
10352
10685
11929
7494
11681
2266
8694
7178
1773
2285
8616
5642
8628
2173
10596
3788
3304
354
10690
10262
9311
9912
7196
9950
3578
8501
5272
9372
5989
700
6513
4081
1136
1957
11551
4097
1877
3862
879
10315
6333
10102
8695
6161
3861
11342
4117
9280
10534
7322
7027
10113
11257
7601
2961
6129
6183
10001
5414
3677
11079
1150
10303
6933
7545
3850
10893
6037
8013
11518
963
443
7317
5516
8095
683
10136
2762
5129
4009
1106
8133
6452
5371
8748
7021
316
156
5282
1473
4656
7937
3587
6149
1346
7524
5380
4850
7525
4190
2662
6644
11478
4486
11525
10949
2920
10030
7711
897
2576
6727
9791
7542
4996
8081
302
7006
6862
3163
7216
1091
4863
805
1748
10551
9084
2343
3354
11622
11233
10128
8226
5144
1974
3945
1505
7847
5510
2222
3254
9078
9021
4270
2182
11356
7327
8960
8669
11677
478
6567
2308
6916
109
11431
10403
10581
5993
10163
3577
8321
1944
2137
10186
7330
5481
216
4906
4732
3540
3606
6199
9279
7385
1426
2788
3771
6369
5596
2489
1365
8400
2990
5083
4677
8083
6701
11598
9735
11483
7347
8514
1190
3931
9854
10726
11160
11565
6829
4361
5683
10583
11043
7896
8742
10629
2121
7683
11025
11228
2753
9236
9663
3090
10020
7217
5426
8985
1694
4215
6601
890
11855
1483
180
11847
2505
1546
966
558
1904
10632
2216
3246
4934
3294
2786
2294
8773
3052
6549
5534
11495
1898
1280
10557
6078
8806
5264
2596
9750
9897
1159
11753
6067
8486
9772
5058
6671
7672
8948
3932
1115
4019
10235
10184
11242
11729
3714
6051
7938
1286
10515
10286
2041
7224
8110
6337
3734
11070
471
8938
9869
8821
10651
7431
7652
7467
7380
619
615
2126
10304
37
2167
6596
10333
8862
11457
2409
4933
6893
6750
10132
4968
3094
5779
6111
11173
7254
6614
11903
4616
8195
8441
1258
7702
10200
10954
7998
6065
11344
5687
1618
5563
1206
9451
1490
11794
8828
2457
8624
9056
595
4912
2050
8375
11247
7483
9110
7773
9461
7712
6565
1648
6824
4582
4994
10341
9894
7981
1104
9178
9814
3061
2383
9066
10126
3908
8708
6677
5099
7232
11999
4049
9367
1243
8986
1213
2295
11634
11641
10369
10037
10894
10120
2107
1298
1239
5824
7128
858
4781
7666
119
251
3983
875
10805
4355
6765
1962
10027
1879
4302
4249
11461
9509
968
9650
11484
5109
11336
4495
3080
1472
433
7695
10964
11602
5491
4028
6395
2711
6525
10974
5383
7036
6148
2870
8497
3957
7958
3815
9153
5154
2243
2441
9489
902
8608
4324
9327
62
5133
6468
7212
9630
9142
4905
10555
640
4597
7843
5008
342
2453
7864
526
38
47
6913
3999
9544
6045
6117
3301
3732
3267
2810
7782
7268
10469
8990
6791
8973
9794
8142
2658
5084
7037
10535
1369
9094
1088
10543
6509
6086
9029
5513
8814
168
6749
10745
1238
6751
7323
1312
2212
3066
5354
3866
965
1725
2631
7647
11955
1714
9211
3001
10946
1489
1861
8485
10900
1814
9343
627
11369
9860
2701
4244
1119
840
5089
4013
5611
11329
1290
67
106
7876
9526
8504
5249
801
4398
4408
755
7392
294
6098
7945
7367
1759
10626
2304
7124
10377
2264
59
4298
9462
5940
9556
5398
1961
9893
11510
5495
4808
3029
9015
11560
4048
10953
790
4632
2659
4246
3703
3622
8404
8940
10447
6778
11893
10579
6491
7297
11261
7244
9530
1980
5017
2232
1922
10792
11360
8889
3451
10124
3039
11103
5823
7418
4813
8518
6729
5112
2087
8088
8180
9329
11472
6988
7725
3388
8243
304
7911
8212
7768
3702
9425
6247
6837
11575
8835
2896
11557
11338
2832
7366
7880
9011
1547
2354
3655
4610
5926
250
10233
3204
3446
5098
800
851
2301
4427
10944
8049
10454
8480
4558
11019
10041
1791
11010
5552
414
3271
7067
761
891
4562
1167
3132
9537
6476
2063
447
3201
7936
6646
4285
1314
514
10588
11241
1124
3105
11171
6709
9101
1074
4588
3610
6949
7125
1812
11479
9251
9348
10530
3619
4570
4441
6328
11390
3935
3723
10267
10947
11606
7574
3231
10183
9833
9779
1107
9235
3259
3660
5631
424
6951
2186
8425
3982
7101
11248
6544
7845
10033
4084
1217
2380
3013
6353
7744
2214
9129
6800
11097
4431
4033
759
11306
7619
9759
7827
150
9564
4166
5689
3527
7205
4394
6246
4910
10960
6351
7804
4590
4263
3889
2239
1554
11057
9354
8963
1304
4765
2005
2926
2290
11218
8984
10400
604
9962
1963
3878
1052
4224
6230
5482
1181
7755
2940
11745
217
9955
11162
2634
5132
2939
1537
2746
9623
11944
2541
9579
7376
9339
7172
7455
6591
9980
7723
11749
796
8317
2957
2360
1982
5200
2903
6346
11033
9304
6569
9802
7939
6443
8047
4061
579
3674
2146
1012
7265
784
900
9949
7953
781
11078
448
3551
3318
11230
2183
4221
8085
8503
5352
10828
1388
3092
5086
8020
5108
7548
